Brief 4 / Phase 4 (B′) — fixed-K cell-resolved test

Q2 fix: hold K constant across n to isolate residue effect.
Q3 fix: fixed-K removes the K-shrinkage confound.

=== Mean d(k) on image at fixed K ===

  n  |      K=10^4 |      K=10^5 |      K=10^6 |      K=10^7
  ---+-------------+-------------+-------------+-------------
   2 |     8.0942|    10.5717|    13.2966|    16.2181|
   3 |    11.0823|    14.3547|    18.1059|    22.0139|
   5 |    13.0797|    17.1976|    21.6772|    26.3673|
   7 |    13.9561|    18.2508|    23.1141|    28.1032|
  11 |    14.4790|    19.1571|    24.2717|    29.5742|
  13 |    14.7315|    19.3649|    24.5599|    29.9377|

=== Per-cell deficit fit: log(N_D/K) vs log(log K) ===

  Slope ≈ -c_D for that cell; if c_D varies with D, re-weighting
  cells across n produces a c-shift. If c_D ≈ const in D, the
  c-shift mechanism needs an extra ingredient.

  We require N_D(K) ≥ 30 at every K in the fit to reduce noise.

  log log K values: ['2.220', '2.443', '2.626', '2.780']

  Per-(n, D) deficit fits (slope = -c_D(n)):

    n    D  # K      slope    intercept      R²
  ----+------+-----+----------+------------+-------
    2    2    3    -7.9066     +11.9963  0.9981
    2    3    3    -7.9066     +11.9963  0.9981
    2    4    4    -1.8608      +0.5905  0.9901
    2    6    4    -4.3427      +4.9796  0.9772
    2    8    4    -0.4970      -2.2766  0.9089
    2    9    3    -6.5780      +8.6567  0.9962
    2   10    3    -5.1172      +5.4414  0.9908
    2   12    4    -1.0585      -1.8073  0.8734
    2   16    4    +2.0154      -9.3497  0.9254
    2   18    3    -2.8034      +0.4655  0.9920
    2   20    3    +0.2244      -7.4428  0.0659
    2   24    3    +1.5980      -9.1031  0.9277
    2   32    3    +4.7686     -18.2423  0.9877
    2   36    3    +2.5890     -13.8625  0.9275

    3    2    3    -7.9066     +11.9963  0.9981
    3    3    3    -7.9066     +11.9963  0.9981
    3    4    4    -1.8608      +0.5905  0.9901
    3    6    4    -4.4083      +5.1686  0.9790
    3    8    4    -0.6120      -1.8934  0.9461
    3    9    3    -6.7288      +9.1848  0.9963
    3   10    3    -5.1517      +5.5369  0.9913
    3   12    4    -1.5531      -0.2042  0.9782
    3   14    3    -7.2046     +10.2714  0.9999
    3   16    4    +0.5873      -5.2090  0.9316
    3   18    4    -3.3197      +2.2223  0.9640
    3   20    4    -1.1942      -2.4307  0.8041
    3   24    4    +1.1256      -7.1315  0.7701
    3   28    3    -0.7256      -4.7520  0.5926
    3   30    3    -2.5862      -0.5757  0.9280
    3   32    3    +2.6342     -11.6306  0.9827
    3   36    3    +0.9231      -8.3897  0.6837
    3   40    3    +1.9268     -11.0384  0.9463
    3   48    3    +4.4830     -17.3398  0.9745

    5    2    3    -7.9066     +11.9963  0.9981
    5    3    3    -7.9066     +11.9963  0.9981
    5    4    4    -1.8608      +0.5905  0.9901
    5    6    4    -4.4737      +5.3547  0.9809
    5    8    4    -0.7727      -1.3894  0.9822
    5    9    3    -6.8882      +9.7057  0.9975
    5   10    4    -6.2977      +8.6782  0.9989
    5   12    4    -1.6662      +0.2833  0.9762
    5   14    3    -6.7445      +9.5341  0.9832
    5   15    3    -7.6815     +10.7951  0.9962
    5   16    4    +0.3660      -4.4082  0.8686
    5   18    4    -3.1723      +2.0153  0.9620
    5   20    4    -1.2116      -2.1846  0.8568
    5   24    4    +0.3358      -4.7147  0.5552
    5   28    3    -1.1821      -3.3885  0.9148
    5   30    3    -3.6882      +2.6072  0.9812
    5   32    4    +2.6490     -11.2599  0.9531
    5   36    4    +0.5234      -6.7749  0.2912
    5   40    3    +0.9514      -8.0241  0.8699
    5   42    3    -2.7494      -0.7621  0.9690
    5   48    3    +2.6327     -11.6818  0.9773
    5   54    3    -0.3074      -7.1764  0.1764
    5   56    3    +2.5102     -13.7647  0.9464
    5   60    3    +1.3059     -10.1015  0.8524
    5   64    3    +5.4494     -20.5002  0.9822
    5   72    3    +4.6600     -18.7845  0.9554

    7    2    3    -7.9066     +11.9963  0.9981
    7    3    3    -7.9066     +11.9963  0.9981
    7    4    4    -1.8608      +0.5905  0.9901
    7    6    4    -4.5058      +5.4463  0.9815
    7    8    4    -0.8584      -1.1187  0.9861
    7    9    3    -6.9283      +9.8566  0.9970
    7   10    4    -6.1822      +8.4954  0.9915
    7   12    4    -1.6820      +0.3830  0.9805
    7   14    3    -6.4813      +8.8919  0.9862
    7   15    3    -7.6159     +10.6682  0.9955
    7   16    4    +0.3094      -4.1694  0.7397
    7   18    4    -3.5530      +3.1033  0.9831
    7   20    4    -1.4763      -1.4500  0.9560
    7   24    4    +0.1712      -4.1632  0.2554
    7   27    3    -5.7211      +5.9273  0.9972
    7   28    3    -1.1849      -3.3698  0.9114
    7   30    4    -3.0869      +1.1482  0.9717
    7   32    4    +2.3872     -10.4117  0.9509
    7   36    4    +0.1363      -5.5824  0.0460
    7   40    3    +0.5541      -6.8338  0.7741
    7   42    3    -2.8680      -0.3619  0.9380
    7   48    3    +2.3356     -10.6838  0.9727
    7   54    3    -1.1380      -4.7346  0.7032
    7   56    3    +2.2179     -12.8380  0.8912
    7   60    3    +0.8697      -8.7443  0.7100
    7   64    3    +4.7229     -18.2897  0.9886
    7   72    3    +3.7233     -15.9322  0.9533
    7   80    3    +4.9800     -20.0235  0.9726

   11    2    3    -7.9066     +11.9963  0.9981
   11    3    3    -7.9066     +11.9963  0.9981
   11    4    4    -1.8669      +0.6068  0.9906
   11    6    4    -4.8484      +6.3647  0.9927
   11    8    4    -0.8902      -0.9920  0.9751
   11    9    3    -7.0058     +10.1029  0.9975
   11   10    4    -5.8338      +7.6994  0.9970
   11   12    4    -1.7762      +0.6790  0.9892
   11   14    3    -6.4381      +8.7847  0.9867
   11   15    3    -7.6657     +10.8413  0.9966
   11   16    4    +0.2603      -3.9580  0.6002
   11   18    4    -3.8069      +3.8469  0.9819
   11   20    4    -1.4846      -1.4133  0.9631
   11   24    4    +0.0065      -3.6302  0.0007
   11   27    3    -5.7459      +6.0853  0.9961
   11   28    3    -1.4634      -2.6082  0.9755
   11   30    4    -3.0701      +1.1826  0.9651
   11   32    4    +2.2602      -9.9383  0.9399
   11   36    4    -0.1048      -4.8082  0.0264
   11   40    3    +0.4928      -6.5985  0.7538
   11   42    3    -2.6560      -0.8274  0.9527
   11   48    3    +2.0186      -9.6671  0.9740
   11   54    3    -1.3378      -3.9925  0.7045
   11   56    3    +1.9843     -12.1260  0.8928
   11   60    3    +0.6565      -8.0552  0.7019
   11   64    3    +4.3568     -17.0833  0.9827
   11   72    3    +2.9646     -13.6601  0.9694
   11   80    3    +4.4843     -18.5099  0.9714
   11   96    3    +7.0658     -25.0284  0.9693

   13    2    3    -7.9066     +11.9963  0.9981
   13    3    3    -7.9066     +11.9963  0.9981
   13    4    4    -1.8669      +0.6068  0.9906
   13    6    4    -4.8458      +6.3587  0.9927
   13    8    4    -0.8675      -1.0438  0.9751
   13    9    3    -6.9760     +10.0317  0.9972
   13   10    4    -5.8290      +7.6906  0.9970
   13   12    4    -1.8352      +0.8496  0.9906
   13   14    3    -6.4352      +8.7776  0.9867
   13   15    3    -7.8077     +11.2365  0.9976
   13   16    4    +0.2205      -3.8326  0.6096
   13   18    4    -3.8150      +3.8984  0.9822
   13   20    4    -1.6149      -1.0542  0.9760
   13   24    4    -0.0457      -3.4657  0.0333
   13   27    3    -5.6872      +5.9501  0.9937
   13   28    3    -1.4621      -2.6099  0.9720
   13   30    4    -3.1447      +1.4083  0.9639
   13   32    4    +2.1857      -9.7097  0.9466
   13   36    4    -0.2613      -4.3597  0.1794
   13   40    3    +0.4441      -6.4417  0.6760
   13   42    3    -2.6970      -0.7071  0.9469
   13   48    3    +2.0063      -9.5954  0.9711
   13   54    3    -1.4403      -3.6755  0.7719
   13   56    3    +1.8957     -11.8685  0.8974
   13   60    3    +0.5497      -7.7396  0.5841
   13   64    3    +4.3192     -16.9305  0.9842
   13   72    3    +2.8716     -13.3582  0.9667
   13   80    3    +4.4970     -18.4968  0.9681
   13   96    3    +6.9415     -24.6251  0.9684

=== c_D estimates at-a-glance (= -slope) ===

    n     D= 2     D= 3     D= 4     D= 6     D= 8     D= 9     D=10     D=12
  --- -------- -------- -------- -------- -------- -------- -------- --------
    2   +7.907   +7.907   +1.861   +4.343   +0.497   +6.578   +5.117   +1.059
    3   +7.907   +7.907   +1.861   +4.408   +0.612   +6.729   +5.152   +1.553
    5   +7.907   +7.907   +1.861   +4.474   +0.773   +6.888   +6.298   +1.666
    7   +7.907   +7.907   +1.861   +4.506   +0.858   +6.928   +6.182   +1.682
   11   +7.907   +7.907   +1.867   +4.848   +0.890   +7.006   +5.834   +1.776
   13   +7.907   +7.907   +1.867   +4.846   +0.867   +6.976   +5.829   +1.835

=== Verdict on Q1 ===

Compute spread of c_D across D for each n.
Large spread → c_D varies → bin shift CAN cause c-shift.
Small spread → c_D ≈ const → bin shift gives prefactor only.

    n | spread (max c_D − min c_D) | range of c_D | comment
  ----+------------------------------+-----------------+------
    2 |                     +12.6752 | [-4.769, +7.907]
    3 |                     +12.3896 | [-4.483, +7.907]
    5 |                     +13.3560 | [-5.449, +7.907]
    7 |                     +12.8866 | [-4.980, +7.907]
   11 |                     +14.9724 | [-7.066, +7.907]
   13 |                     +14.8481 | [-6.942, +7.907]
