First-digit fingerprint of A_⟨3,5⟩
N = 1000000

sequence          count  TVD(unif)  TVD(Benf)   TVD(NS)
--------------------------------------------------------
A_⟨3,5⟩         155,333     0.0205     0.2484    0.0000
primes           78,498     0.0197     0.2494    0.0015
M_2-atoms       250,000     0.0000     0.2687    0.0205
M_3-atoms       222,222     0.0000     0.2687    0.0205
M_5-atoms       160,000     0.0000     0.2687    0.0205

Per-digit frequency (× 10^4):
  d         A_⟨3,5⟩        primes     M_2-atoms     M_3-atoms     M_5-atoms
  1          1227.3        1221.1        1111.1        1111.1        1111.1
  2          1169.3        1164.6        1111.1        1111.1        1111.1
  3          1139.8        1141.4        1111.1        1111.3        1111.1
  4          1113.4        1114.3        1111.1        1111.1        1111.1
  5          1093.6        1097.5        1111.1        1111.1        1111.1
  6          1081.2        1077.5        1111.1        1111.3        1111.1
  7          1069.4        1074.5        1111.1        1111.1        1111.1
  8          1058.0        1060.7        1111.1        1111.1        1111.1
  9          1047.9        1048.4        1111.1        1111.1        1111.1

Reference (× 10^4):
  d         uniform       Benford
  1          1111.1        3010.3
  2          1111.1        1760.9
  3          1111.1        1249.4
  4          1111.1         969.1
  5          1111.1         791.8
  6          1111.1         669.5
  7          1111.1         579.9
  8          1111.1         511.5
  9          1111.1         457.6
