ACM-Mangoldt flow tomography — X = 10000, base = 10, n ∈ [2, 3, 4, 5, 6, 10]

=== L1: Λ_n by exact n-height ===

n = 2
height   count    Λ>0    Λ<0  neg_mass/abs_mass
     1    2500   2500      0           0.000000
     2    1250      1    883           0.999951
     3     625    169      0           0.000000
     4     313      1     19           0.997575
     5     156      2      0           0.000000
     6      78      1      0           0.000000
     7      39      1      0           0.000000
     8      20      1      0           0.000000
     9      10      1      0           0.000000
    10       5      1      0           0.000000
    11       2      1      0           0.000000
    12       1      1      0           0.000000
    13       1      1      0           0.000000

n = 3
height   count    Λ>0    Λ<0  neg_mass/abs_mass
     1    2222   2222      0           0.000000
     2     741      1    555           0.999899
     3     247     89      0           0.000000
     4      82      1     10           0.992753
     5      28      2      0           0.000000
     6       9      1      0           0.000000
     7       3      1      0           0.000000
     8       1      1      0           0.000000

n = 4
height   count    Λ>0    Λ<0  neg_mass/abs_mass
     1    1875   1875      0           0.000000
     2     469      1    354           0.999772
     3     117     18     78           0.692566
     4      30     30      0           0.000000
     5       7      1      2           0.941759
     6       2      0      1           1.000000

n = 5
height   count    Λ>0    Λ<0  neg_mass/abs_mass
     1    1600   1600      0           0.000000
     2     320      1    242           0.999666
     3      64     23      0           0.000000
     4      13      1      1           0.588592
     5       3      1      0           0.000000

n = 6
height   count    Λ>0    Λ<0  neg_mass/abs_mass
     1    1389   1389      0           0.000000
     2     231      1    171           0.999322
     3      39      2     36           0.967106
     4       6      1      1           0.385916
     5       1      1      0           0.000000

n = 10
height   count    Λ>0    Λ<0  neg_mass/abs_mass
     1     900    900      0           0.000000
     2      90      1     64           0.997548
     3       9      0      9           1.000000
     4       1      0      1           1.000000


=== L3: Block-typed Δ totalisation ===

  n   d          type   count    Δ>0    Δ<0    Δ'>0    Δ'<0           Σ Out            Σ In             Σ Δ            Σ Δ'         mean Δ'    Σ Δ/Σ Out    Σ Δ'/Σ Out
  2   1   uncertified       4      0      4       0       4    1.054815e+00    3.754839e-01   -6.793312e-01   -5.662337e-01   -1.415584e-01      -0.6440       -0.5368
  2   2   uncertified      45      0     45       0      45    3.682300e-01    1.284845e-01   -2.397455e-01   -1.096813e-01   -2.437361e-03      -0.6511       -0.2979
  2   3        smooth     450      0    450       0     450    2.037503e-01    3.875078e-02   -1.649995e-01   -3.950913e-02   -8.779806e-05      -0.8098       -0.1939
  2   4        smooth    4500      0   4500       0    4500    1.439080e-01    6.102846e-03   -1.378052e-01   -1.275630e-02   -2.834732e-06      -0.9576       -0.0886
  2   5        smooth       1      0      1       0       0    1.085736e-05    0.000000e+00   -1.085736e-05   +0.000000e+00   +0.000000e+00      -1.0000        0.0000
  3   1   uncertified       3      0      3       0       3    4.470004e-01    1.367368e-01   -3.102635e-01   -2.439130e-01   -8.130432e-02      -0.6941       -0.5457
  3   2   uncertified      30      0     30       0      30    2.237510e-01    6.382156e-02   -1.599295e-01   -7.830149e-02   -2.610050e-03      -0.7148       -0.3499
  3   3   uncertified     300      0    300       0     300    1.348151e-01    2.058149e-02   -1.142336e-01   -3.106402e-02   -1.035467e-04      -0.8473       -0.2304
  3   4   uncertified    3000      0   3000       0    3000    9.587169e-02    2.677433e-03   -9.319426e-02   -9.877221e-03   -3.292407e-06      -0.9721       -0.1030
  4   1   uncertified       2      0      2       0       2    2.404492e-01    6.168405e-02   -1.787651e-01   -1.380500e-01   -6.902501e-02      -0.7435       -0.5741
  4   2   uncertified      22      0     22       0      22    1.711953e-01    4.030802e-02   -1.308873e-01   -6.911002e-02   -3.141365e-03      -0.7645       -0.4037
  4   3   uncertified     225      0    225       0     225    1.023884e-01    1.245884e-02   -8.992955e-02   -2.693738e-02   -1.197217e-04      -0.8783       -0.2631
  4   4   uncertified    2250      0   2250       0    2250    7.198753e-02    1.219393e-03   -7.076813e-02   -8.219240e-03   -3.652996e-06      -0.9831       -0.1142
  4   5        smooth       1      0      1       0       0    1.085736e-05    0.000000e+00   -1.085736e-05   +0.000000e+00   +0.000000e+00      -1.0000        0.0000
  5   1   uncertified       1      0      1       0       1    1.242670e-01    2.686834e-02   -9.739865e-02   -7.568392e-02   -7.568392e-02      -0.7838       -0.6090
  5   2   uncertified      18      0     18       0      18    1.617539e-01    3.234893e-02   -1.294050e-01   -7.408152e-02   -4.115640e-03      -0.8000       -0.4580
  5   3        smooth     180      0    180       0     180    8.211732e-02    8.024726e-03   -7.409259e-02   -2.359953e-02   -1.311085e-04      -0.9023       -0.2874
  5   4        smooth    1800      0   1800       0    1800    5.760344e-02    5.747199e-04   -5.702872e-02   -6.979814e-03   -3.877674e-06      -0.9900       -0.1212
  5   5        smooth       1      0      1       0       0    1.085736e-05    0.000000e+00   -1.085736e-05   +0.000000e+00   +0.000000e+00      -1.0000        0.0000
  6   1   uncertified       1      0      1       0       1    9.301844e-02    1.727204e-02   -7.574640e-02   -5.765080e-02   -5.765080e-02      -0.8143       -0.6198
  6   2   uncertified      15      0     15       0      15    1.211292e-01    2.014080e-02   -1.009884e-01   -5.790772e-02   -3.860514e-03      -0.8337       -0.4781
  6   3   uncertified     150      0    150       0     150    6.791080e-02    5.320088e-03   -6.259071e-02   -2.076302e-02   -1.384201e-04      -0.9217       -0.3057
  6   4   uncertified    1500      0   1500       0    1500    4.796930e-02    3.173768e-04   -4.765193e-02   -5.968991e-03   -3.979327e-06      -0.9934       -0.1244
 10   2      family_E       9      0      9       0       9    9.456489e-02    9.500105e-03   -8.506479e-02   -5.434965e-02   -6.038850e-03      -0.8995       -0.5747
 10   3        smooth      90      0     90       0      90    4.158172e-02    1.718557e-03   -3.986317e-02   -1.436564e-02   -1.596182e-04      -0.9587       -0.3455
 10   4        smooth     900      0    900       0     900    2.883530e-02    2.714341e-06   -2.883258e-02   -3.783636e-03   -4.204040e-06      -0.9999       -0.1312
 10   5        smooth       1      0      1       0       0    1.085736e-05    0.000000e+00   -1.085736e-05   +0.000000e+00   +0.000000e+00      -1.0000        0.0000


=== L3b: Block-type residual rollup ===

        type   count           Σ Out             Σ Δ            Σ Δ'    Σ Δ/Σ Out    Σ Δ'/Σ Out
    family_E       9    9.456489e-02   -8.506479e-02   -5.434965e-02      -0.8995       -0.5747
      smooth    7924    5.578395e-01   -5.026652e-01   -1.009940e-01      -0.9011       -0.1810
 uncertified    7566    3.526552e+00   -2.580829e+00   -1.573443e+00      -0.7318       -0.4462
