EXP01 shared survivors
S = <5,7>
ACM window = [2,20], k = 28
max bundle integer = 580
G = [1, 2, 3, 4, 6, 8, 9, 11, 13, 16, 18, 23]
F = 23

bundle atoms          = 532
distinct integers     = 251
ACM survivors         = 113
gap hits              = 17
S-reducible hits      = 247
A_S hits              = 268
C_SurvA atoms         = 51
C_SurvA digit length  = 134

first C_Surv values:
  2, 46, 58, 62, 74, 82, 86, 94, 106, 3, 69, 87, 93, 111, 123, 4, 92, 116, 124, 148, 5, 115, 145, 155, 138, 174, 186, 7, 161, 175, 203, 217, 184, 232, 248, 9, 27, 207, 225, 261, 279, 230, 250, 290, 310, 11, 231, 253, 275, 297, 319, 276, 324, 348, 13, 273, 299, 325, 351, 377

first C_SurvA values:
  46, 58, 62, 74, 82, 86, 94, 106, 69, 87, 93, 111, 123, 92, 116, 124, 148, 5, 115, 138, 174, 186, 7, 161, 184, 232, 248, 27, 207, 261, 279, 253, 297, 319, 276, 299, 351, 377, 64, 128, 352, 368, 416, 464, 17, 391, 414, 486, 522, 19, 437

Per-row counts:
  n  gap  red  A_S  surv SurvA
-------------------------------
  2    3    4   21     9     8
  3    2    5   21     6     5
  4    2    5   21     5     4
  5    0   16   12     4     2
  6    2    5   21     3     3
  7    0   16   12     5     2
  8    2    7   19     3     3
  9    2    7   19     6     4
 10    0   22    6     4     0
 11    1    9   18     6     3
 12    0   16   12     3     1
 13    1    9   18     6     3
 14    0   22    6     4     0
 15    0   24    4     5     0
 16    1   11   16     9     6
 17    0   16   12    10     2
 18    1   12   15     7     3
 19    0   16   12    10     2
 20    0   25    3     8     0
