Off-spike denominator inflation δ_k(n) = L_{k-1} - C_{k-1}

  n  | k | idx |   L_{k-1}    |   C_{k-1}    |    δ_k    | step (δ_k - δ_{k-1})
-----+---+-----+--------------+--------------+-----------+----------------------
   2 | 2 |  10 |       4.6902 |            2 |   +2.6902 |    —   
   2 | 3 |  32 |      51.6981 |           48 |   +3.6981 |  +1.0079
   2 | 4 | 118 |     727.6989 |          723 |   +4.6989 |  +1.0008

   3 | 2 |  16 |       6.0413 |            2 |   +4.0413 |    —   
   3 | 3 |  44 |      48.0453 |           42 |   +6.0453 |  +2.0040
   3 | 4 | 162 |     650.0457 |          642 |   +8.0457 |  +2.0004

   4 | 2 |  16 |       8.6946 |            2 |   +6.6946 |    —   
   4 | 3 |  52 |      43.0965 |           34 |   +9.0965 |  +2.4019
   4 | 4 | 148 |     553.3979 |          541 |  +12.3979 |  +3.3014

   5 | 2 |  18 |       9.9956 |            1 |   +8.9956 |    —   
   5 | 3 |  56 |      42.9996 |           31 |  +11.9996 |  +3.0039
   5 | 4 | 178 |     479.0000 |          463 |  +16.0000 |  +4.0004

   6 | 2 |  22 |      11.0414 |            1 |  +10.0414 |    —   
   6 | 3 |  72 |      41.0453 |           27 |  +14.0453 |  +4.0039
   6 | 4 | 188 |     421.0457 |          402 |  +19.0457 |  +5.0004

  10 | 2 |   8 |       3.9913 |            0 |   +3.9913 |    —   
  10 | 3 |  66 |      44.3975 |           18 |  +26.3975 | +22.4062
  10 | 4 | 212 |     296.6989 |          261 |  +35.6989 |  +9.3014

=== Per-n step structure ===

  n | δ_2     | δ_3     | δ_4     | step_3-2 | step_4-3 | step ≈ ?
----+---------+---------+---------+----------+----------+----------
   2 |  +2.690 |  +3.698 |  +4.699 |   +1.008 |   +1.001 | 1.00 (constant)
   3 |  +4.041 |  +6.045 |  +8.046 |   +2.004 |   +2.000 | 2.00 (constant)
   4 |  +6.695 |  +9.096 | +12.398 |   +2.402 |   +3.301 | irregular
   5 |  +8.996 | +12.000 | +16.000 |   +3.004 |   +4.000 | k-dep, step≈k+1.0
   6 | +10.041 | +14.045 | +19.046 |   +4.004 |   +5.000 | k-dep, step≈k+2.0
  10 |  +3.991 | +26.398 | +35.699 |  +22.406 |   +9.301 | irregular

=== Spike-gap × Khinchin check ===
Khinchin constant log10 K ≈ 0.4290

  n | k | spikes_gap | obs Δ_total | Khin pred (gap·logK) | residual
----+---+------------+-------------+----------------------+----------
   2 | 3 |         22 |      8.3426 |               9.4384 |  -1.0958
   2 | 4 |         86 |     56.3512 |              36.8955 | +19.4557
   3 | 3 |         28 |     12.0409 |              12.0125 |  +0.0284
   3 | 4 |        118 |     56.0453 |              50.6241 |  +5.4212
   4 | 3 |         36 |     17.7453 |              15.4446 |  +2.3007
   4 | 4 |         96 |     55.4486 |              41.1857 | +14.2629
   5 | 3 |         38 |     21.9494 |              16.3027 |  +5.6468
   5 | 4 |        122 |     58.9538 |              52.3401 |  +6.6136
   6 | 3 |         50 |     25.0410 |              21.4509 |  +3.5901
   6 | 4 |        116 |     60.0453 |              49.7660 | +10.2793
  10 | 3 |         58 |     30.3430 |              24.8830 |  +5.4600
  10 | 4 |        146 |     80.0507 |              62.6365 | +17.4141
