Phase 3.1 multi-k spike-drift table — actual vs smooth T_k

  k | n  | idx | obs log10(a) | log10(q_prev) | T_k smooth |  T_k actual |  res (smooth) |  res (actual)
----|----|-----|--------------|---------------|-----------|-------------|---------------|----------------
  2 |  2 |  10 |      38.6517 |        4.6902 |   47.2500 |          48 |       +0.7822 |        +0.0322
  3 |  2 |  32 |     619.6482 |       51.6981 |  722.2500 |         723 |       +0.7944 |        +0.0444
  4 |  2 | 118 |    8267.6479 |      727.6989 | 9722.2500 |        9723 |       +0.7956 |        +0.0456
  2 |  3 |  16 |      29.9495 |        6.0413 |   42.0000 |          42 |       +0.0322 |        +0.0322
  3 |  3 |  44 |     545.9538 |       48.0453 |  642.0000 |         642 |       +0.0444 |        +0.0444
  4 |  3 | 162 |    7341.9542 |      650.0457 | 8642.0000 |        8642 |       +0.0456 |        +0.0456
  2 |  4 |  16 |      16.6516 |        8.6946 |   35.4375 |          34 |       -1.3967 |        +0.0408
  3 |  4 |  52 |     454.8523 |       43.0965 |  541.6875 |         541 |       -0.6422 |        +0.0453
  4 |  4 | 148 |    6186.2497 |      553.3979 | 7291.6875 |        7293 |       +1.3580 |        +0.0455
  2 |  5 |  18 |      11.0283 |        9.9956 |   30.2400 |          31 |       +0.7795 |        +0.0195
  3 |  5 |  56 |     377.0440 |       42.9996 |  462.2400 |         463 |       +0.8031 |        +0.0431
  4 |  5 | 178 |    5265.0456 |      479.0000 | 6222.2400 |        6223 |       +0.8055 |        +0.0455
  2 |  6 |  22 |       4.9490 |       11.0414 |   26.2500 |          27 |       +0.7818 |        +0.0318
  3 |  6 |  72 |     319.9538 |       41.0453 |  401.2500 |         402 |       +0.7944 |        +0.0444
  4 |  6 | 188 |    4559.9542 |      421.0457 | 5401.2500 |        5402 |       +0.7956 |        +0.0456
  2 | 10 |   8 |      10.0627 |        3.9913 |   17.0100 |          18 |       +1.0353 |        +0.0453
  3 | 10 |  66 |     172.2459 |       44.3975 |  260.0100 |         261 |       +1.0310 |        +0.0410
  4 | 10 | 212 |    2907.6474 |      296.6989 | 3500.0100 |        3501 |       +1.0353 |        +0.0453

PREC_BITS=80000, MAX_PQ=250, K_PRIMES=20000

A clean residual at every (n, k) does not mean closure. It locates the
remaining scalar in L_{k−1}, i.e. in the off-spike denominator
process before the boundary.
